3.98714851 0.14232736 6.69141462 3.59782614 3.20448324 8.56231132 5.18144827 7.64589601 3.88476518 6.10967514 3.51968491 4.45683691 6.20605556 7.66485535 2.12864737 5.39336274 0.03846164 8.13256718 3.74316725 0.80734466 5.83060415 6.19749667 1.29021297 5.15205156 1.83819112 2.64568455 4.66967822 2.81212413 5.91520819 6.75102231
5.02827104 3.32708445 2.19628317 4.58037827 4.63067741 9.11982365 5.48907664 2.61481711 4.77843944 8.99827614 5.47723959 4.51761248 8.85862201 8.24466685 2.25939455 1.79780791 6.99906354 6.98374586 7.68369776 9.92520497 1.86304372 3.46967195 7.75819075 9.03557537 1.81053254 7.56584414 7.09152955 5.33019248 2.92734303 9.89303238
0.37929438 2.49112403 7.27035976 1.18032805 2.47028365 2.02396401 3.33251012 4.96081999 5.35921924 4.30280089 3.38465137 8.03049286 1.96809221 8.31048156 4.19172186 5.45659001 6.47768639 6.01440109 5.55475959 5.77263356 1.80541512 7.62971188 9.74283278 4.36468661 4.97475413 4.24746167 9.85461216 7.19067556 5.18922367 7.60142163
0.63247339 9.74583083 8.47855811 6.68269418 9.42361384 1.13161683 8.73324574 7.00479139 6.68733533 5.81100847 4.41836488 4.66369092 6.19682296 0.44984414 6.82550861 3.63801637 5.65074757 8.96209059 0.99641949 4.77326255 1.26180641 7.18420157 1.19239761 4.32951549 1.43298062 3.23340844 6.07365385 1.40829572 5.13092203 6.20074213
8.84126779 4.36520684 9.37955375 8.57976695 5.28181912 8.89582409 4.24838084 3.44925382 2.62626693 0.53682195 6.29542036 2.00154261 8.11998393 3.08618719 6.34769105 8.63449951 3.70037558 9.57702301 7.01213272 6.54525146 6.76912218 5.57110789 5.34697866 8.19057019 5.50227625 2.34366758 7.54061722 0.75366673 2.75756901 6.50856355
6.94234942 2.57449591 5.85035105 7.27089212 0.56367616 5.85616035 2.85932304 2.36031085 2.68110478 8.33827593 5.46278544 4.72422034 8.76386262 5.15747809 7.64343141 4.27901815 4.90741135 6.02338243 8.80782268 8.00077681 4.49926074 7.27115489 6.85006021 1.86445195 1.84417585 9.01060255 8.39571608 5.07051521 5.05907749 8.82794531
8.21241641 3.02402423 0.55644257 5.36693295 7.22959319 0.08683317 4.68291538 0.58863166 6.95301062 0.86327534 5.71238188 4.02446049 1.62514741 2.65280119 3.77180177 6.15721763 6.28356606 9.57512304 9.13210157 2.66423196 1.53207476 5.68090073 1.94995314 2.68095266 5.31652749 3.54606274 3.05881579 4.23366811 6.85342851 8.60458084
1.40559235 4.99735445 9.60741956 1.11550468 2.95180185 7.72458884 8.42889782 4.29899511 4.46965739 5.03972519 6.15960593 1.12550465 9.98386634 1.53519496 5.64483056 0.96605397 4.96768008 5.89864711 2.90541866 8.00862538 0.03317972 8.12570917 8.86952029 2.49902024 2.78553822 9.30655054 4.44296238 5.97822086 8.38571277 2.22507769
0.61217692 2.89086616 3.77251913 9.49686257 7.89038905 9.09290878 9.09674941 1.56372462 8.20882859 0.48878168 0.65744825 7.69644329 6.24245692 3.12670653 4.55872182 9.52439102 8.29935613 5.13322857 1.22199214 9.64193529 8.83038157 8.22403516 4.52208364 6.09425452 8.14172084 6.44474743 8.53299685 2.01649394 2.92567714 0.18706007
4.72196608 4.04774361 3.74515824 9.75321616 0.37613767 9.11291693 1.46206924 9.02272215 7.82636445 2.68955202 7.29710365 6.30114894 0.87715428 7.78990044 6.54237859 4.95969419 4.44405226 0.77035032 8.42705432 8.08993177 6.77925517 9.01575139 9.87932746 7.21492634 3.93888264 1.41951603 1.69129679 9.19056669 9.41948334 9.83668906
4.06751777 0.45143452 3.42983425 1.17352058 2.43720851 8.72099251 2.11066018 0.72588975 6.30347827 8.11657636 5.72566752 9.28786966 3.33041458 7.78034812 3.34916893 2.57076034 9.77584018 1.49300107 0.12791442 1.83650633 4.90899246 8.09466119 4.96785038 5.08325678 6.77164743 4.97704087 7.77684631 6.25824629 5.22483674 8.72739436
1.45724529 1.02892525 6.21805033 3.01703224 8.08094276 5.75426272 6.26377396 6.87633271 2.81814611 2.70534719 2.95301873 9.79938058 8.54258441 3.01263404 9.58045907 0.89975341 9.81939643 7.87244613 2.41030477 8.35733295 3.36704718 3.61854596 2.64201205 0.11553332 0.73753577 8.93436682 8.50968332 6.32393424 7.67421265 4.24908103
3.35742201 7.37286517 1.63363793 1.51280977 4.20584992 9.98939584 8.41650102 8.22018064 6.69890061 2.85123029 8.00909131 3.93726757 6.79410879 1.71608536 0.52201233 0.44998169 7.33140459 5.41338789 0.83812489 9.44166986 1.43405643 8.95886452 1.07244843 7.36734413 1.12588522 3.41495246 8.40063592 2.66913875 3.19223167 5.58326645
6.21790371 9.67863262 5.89433524 8.52599792 7.78011088 6.93778697 3.11278959 4.57082695 1.71212901 3.11972176 6.35109819 8.24220033 3.08719397 8.67843526 6.11417147 9.93153025 9.57125677 1.92069668 3.13408836 3.56893561 8.25713619 0.53021082 0.71269096 8.28357663 1.96251758 7.84906791 5.63102179 7.94570585 5.85556821 1.13241832
1.30768812 6.29302069 9.88332183 6.32891891 7.41385651 2.67185083 5.84377992 1.32033785 0.36351101 9.42747509 8.02090356 5.58792468 1.22970339 1.03661642 7.57582179 1.20575919 7.47363657 5.99883677 7.91884975 5.18776657 9.89496736 8.99004705 1.15364903 1.61321591 9.07455717 5.59033482 5.06400699 7.67498173 3.34249874 5.71851776
2.06621479 7.84985781 8.60109323 9.48482726 9.54531585 2.81901033 7.64144432 7.70001218 9.64545388 1.10062238 3.19412764 0.70837271 7.96120217 2.62234719 9.67197003 6.97830339 7.75841524 7.06302383 2.38551596 9.92330609 3.54172085 5.15973603 5.34251915 5.15807129 6.16020889 0.14828482 7.84623206 4.98159103 4.94157492 4.72006436
0.77322163 5.43775953 5.73563795 5.51515344 4.00201298 5.54370563 0.25096499 5.29757725 8.91564573 0.10883914 2.12037059 2.04228543 8.01209543 8.30703643 8.01578802 7.71124896 2.56711411 2.36078405 0.86412742 3.72603223 4.62194623 4.27237076 0.09682175 2.55102702 0.76275735 1.85683732 3.10458994 2.50214679 8.41667993 9.59186605
4.38876562 0.07918478 9.26163126 1.40083321 7.01631056 6.97217422 3.87252887 1.34448035 9.56185076 1.98627188 2.92116257 8.43507185 3.69300228 7.60841438 5.95373831 6.75066132 9.20493885 1.09233527 9.01390554 6.66130503 4.59286684 6.84793074 1.33037653 3.37620856 4.39496335 3.16843829 8.59582825 8.74637353 4.04738302 3.46492107
3.82777668 4.25961226 5.21456813 5.10857608 1.65944714 2.67919256 3.31662927 7.82142948 8.97067019 0.73966433 7.77778652 4.72827778 5.96448955 3.68389512 1.92882046 4.41086147 0.50318984 8.23383359 9.02496949 1.33362155 2.31251683 1.14814642 5.41013836 1.85904423 3.14250088 8.64021385 7.64767196 1.78422852 7.34031128 8.67885533
2.69187419 8.37701829 8.07185792 2.90231715 6.90624033 7.34873517 3.44386337 6.25267892 4.46021227 4.77027326 0.52370307 1.88311465 6.11561848 7.70381143 4.80264001 8.56039405 7.83183772 3.78455304 6.85621636 3.22675078 3.36878096 4.86709518 2.80315058 1.49350662 8.40111408 0.78187246 3.30405694 9.80395848 5.92883159 5.71468465