2.7611351996 4.5181821451 4.7512989383 7.6007944999 6.2831382844 0.0307812869 7.0063483537 7.4786103942 6.6969403332 3.4010612179 8.7294378087 9.4688137232 2.5165923469 0.9031104317 9.8414605438 4.7540637184 3.5828852002 9.8512055361 9.5016372137 2.2997060311
8.2433115798 0.9908327721 3.7252531788 4.4491022197 6.7305088197 5.6670666196 7.4183392825 3.2409447645 7.8240766067 4.5420117169 0.4408727066 9.3920540609 4.2457732317 5.3221420721 6.1842426114 2.8158216262 7.6837297726 1.5755255573 8.8551116042 9.8778483371
3.7851681354 8.3719225651 7.3299697144 5.2019154735 1.9967268364 9.6134736527 1.2609676665 2.7258389663 6.8119331605 0.8021626007 4.1964799849 1.4689302018 4.2476372267 0.0887703277 2.8894711161 6.2141223514 8.6514211291 9.1096024637 9.5533742147 2.2025479965
6.7931239979 3.3788671351 6.1419736641 2.5217866121 6.9898672401 5.5127603674 4.0823982551 4.7395308937 1.8947253957 9.9731644519 4.9992862638 9.0154090007 0.2753489742 8.2077952148 9.2212925529 5.4349505286 6.6050475485 2.1269702359 6.9977445496 3.4300853065
4.6281559699 8.6660967228 2.1169536985 8.1351857097 4.7555238503 4.1018688958 8.2419817808 1.7894394694 9.7708628786 2.9669594206 7.0736520006 3.1507345205 5.7374103723 3.2098799249 3.3408062671 8.4676854847 9.7194473633 8.2671456276 5.9038895393 9.8580271911
7.3520194982 5.1016266581 2.2405504614 0.2513783123 0.7656704183 1.2630962012 1.3946101038 3.8686503496 9.9358173096 1.3188364003 2.5181726241 9.0845781258 7.5772356245 6.3602563847 0.7663065391 6.4797779745 8.2410404951 7.2227023948 6.2026461937 9.1415362793
7.6926011111 0.7997247385 7.6042753632 1.4086556169 3.2341361671 3.8435409771 0.9410328374 7.5529373953 8.0780143967 3.3561942689 1.6834788472 3.7811887301 8.7288712906 4.1790441546 0.5618991763 3.3983616487 9.2177794016 0.5703609316 3.3667466026 8.7077317356
6.9283546222 1.9381126073 5.1867184278 4.5949062039 0.4572418088 6.5985765971 7.2772171779 8.6890578974 3.8613229661 4.8930122362 5.5234469614 3.4280974674 1.6793070811 3.2231351839 8.7342841016 7.9880553555 7.4260937215 9.9149665846 9.8466573209 6.0687041189
3.8663332073 5.7754329928 7.8921720063 6.0967002222 1.3200749241 8.9774287574 6.9526852069 0.6449715469 5.1436685286 1.9708448934 0.9638304729 2.0611781803 1.3920756088 4.2272715249 9.6762184918 3.9979420714 8.6955312642 7.7976890161 4.8413575764 8.6368116508
8.9136219063 7.7066375546 3.4048467418 4.8538854013 5.5985043915 0.4652732016 1.9384646407 5.2737134491 2.3372037452 9.5326846945 5.3594392802 8.9946533518 7.9394995349 8.1472806821 6.3113867094 0.3966702191 1.6031561242 3.1326343838 1.9762409107 6.5611974782
2.7766135053 3.5020471494 1.8593244033 1.6420551067 6.3832714129 9.1024822862 0.3807672356 1.2657533856 7.3245817067 0.6441953805 4.6653214434 0.1989711028 6.1102584188 9.8959949255 6.5957790642 8.3696995677 8.9400432453 4.0554990717 7.5831116411 7.9968588788
5.7372670145 3.0111111518 1.9911905775 3.4975508226 0.6331077899 9.4732700309 5.6246818204 3.1241790652 3.3073313448 9.8530048763 6.1704695642 8.5958904815 8.1029893455 9.8868661591 8.6110852257 4.2030637239 4.0481898371 2.4222192796 2.3934502797 9.0182939461
3.5346858436 9.7825689122 2.8986487161 5.5822283889 0.1022274494 7.1474831521 3.7084110845 2.0234148858 2.0490682761 4.4028786696 1.6269502934 3.2802327666 9.3752965581 4.7007700237 2.2288058601 3.3518570186 0.8779464236 2.6607871552 0.3058633795 4.1235875969
1.5135413256 0.9249308783 6.8615570321 8.1146315709 8.2681129211 2.7330858527 0.0853343752 4.1318259115 4.4693609131 8.0839061423 8.5467157047 1.9067993769 7.7684626814 2.8754020648 1.6994774287 4.1418728837 6.2928561588 0.9088637916 4.3382501185 9.7805099654
4.8922202792 4.4776573228 4.9049611618 3.3219066647 0.4564509286 8.4057847482 8.6923152658 9.3541765315 2.6876202965 8.5570879213 4.1260882015 1.5087984695 9.1692949216 0.5150229654 3.4012274189 9.4189340555 9.0241069414 0.4190911905 5.3516883337 3.9052826334
0.4638568618 6.1185644122 4.2586070061 9.8849593979 6.6823591709 7.7833353201 2.8787020542 5.4346587616 3.2979340328 8.5647313278 5.6192848733 1.9101424508 1.0547644956 2.7685405188 2.0487988387 3.3281255034 6.1771468065 4.2296057513 7.4648802542 7.5821416123
1.5120378716 3.8806518199 2.3502482374 0.3467750444 9.4965302902 1.0719301467 3.7928700767 5.9614921059 0.0661781323 4.4925816613 5.6035956663 0.8073181165 4.7870188447 5.3952173553 7.8318196562 0.5115293453 5.8048002316 0.6523520603 0.6718732927 7.7817901276
7.9278883785 0.8725041877 4.7270817156 2.0105158625 9.0809438725 6.4514770713 5.9825211267 6.5966388389 5.0838131306 5.9636452338 2.9491423761 6.7855715712 1.3883770623 7.6975890662 8.6888859114 6.4506157905 3.3991394242 0.7676613479 0.5456187418 8.8288118677
8.5974050925 6.0682432085 1.9968257359 1.6297940531 0.4960961074 4.0827101899 8.2807993885 7.4977241829 8.0053776543 0.8989698235 7.7510513735 5.7041955448 7.0889117477 5.0421472229 7.6476274541 4.5722253466 2.4790036554 8.0040715049 5.7543024731 7.1601565941
6.1890680398 9.2970976875 1.7485184658 3.7573978793 6.5557587611 6.1360456681 7.1873686828 3.6142187821 9.4502685027 7.6937731292 3.6874062346 2.6760292105 5.2024008777 3.7503762881 7.8727704139 1.4571988132 5.2786470274 1.2663249508 7.7689118725 2.5032409546
6.0504825647 3.1711324495 1.6086669757 2.4627472382 8.8566148345 5.1341410258 5.7572825768 9.5136853492 9.7400514073 3.5624202994 1.8214131197 7.7010899189 5.0948127917 2.1014697118 0.3569765183 4.8152351025 3.3284735928 4.9257504228 2.9137945813 0.7165063082
7.9818302561 5.1280768429 9.0121353085 1.1001540018 2.8871016665 3.5220331019 3.0632064214 0.6645568645 0.4819404438 3.3878611132 2.5448852024 5.1330769463 9.3342436526 2.5935667276 8.0564829915 8.2527487277 7.1447602249 9.7640645186 3.0415087419 0.0035121135
2.7056157799 8.0684107157 2.7956981987 1.5653461963 2.0253706078 9.2252398704 9.7428994503 8.7254022976 0.0705336015 6.6797964113 9.6506891412 4.3216389298 3.3353050249 4.2916927084 7.7806553149 8.6876004873 6.3697576709 2.6612181338 1.7554528555 2.3986932682
2.7695313685 8.9572534235 0.5763703676 8.8325195206 1.9714911441 3.0070738401 7.2276266271 1.8242553026 7.6360147502 9.3974227423 6.3417949933 9.3385005341 1.4039343817 6.8219310773 1.5328674866 6.2622939762 3.1442133181 1.9665419124 8.8347714893 1.1710237356
6.6215547762 9.1137996221 5.3026821708 2.2280889641 6.0388617763 2.7515799825 5.7592824314 8.0949145179 2.7287799564 7.9745851397 9.3293560385 2.0252884634 8.5141772121 7.2018930186 1.4115731977 0.1549967799 5.0889703063 1.7541165893 0.1495587172 6.6393251338
0.5882895029 0.7269550511 3.4137628759 7.0318875152 6.9676640613 7.8923771895 7.3610993243 3.5714842572 0.0134474041 2.9539900207 6.0741592038 8.4515737738 3.6345925662 6.5595110209 6.1652061689 8.4114506974 1.8150800584 9.7714100704 7.2602816888 6.1971789333
1.3253613795 1.5631406726 2.7166050727 7.9573118704 5.4449866819 4.5602840241 6.4464550817 0.1120064457 9.9369821947 5.3481799839 4.4876585063 6.7913347107 3.9964693145 3.3896010647 7.7490052769 2.7465466932 8.4299159444 1.2149450406 2.3877768979 8.8502766561
1.1404228451 6.0457382834 3.8511100745 5.1822111688 9.2734870624 9.3645981659 8.5124490016 3.7615213355 4.2184576112 2.9067096659 5.6766231649 0.1197367054 0.8699163515 3.1027595245 8.6071510271 0.0981057116 6.9371152891 3.9340688696 2.4360500969 5.4016572255
5.5102662922 0.8167339531 7.3299098231 3.3375836032 7.6089412573 5.0065311925 4.0574417415 8.6628612748 0.4823167675 2.6136319619 3.3031886747 3.2833547405 9.4996118302 5.9799912284 0.7785710402 0.8276414783 8.0613399026 9.5062254733 8.4024815631 0.5326569852
7.8684672397 8.5868187602 7.2544077568 5.4201016964 9.2381469197 7.3094686982 7.8801006788 5.7867610209 9.9481999881 1.8570420955 9.3150971005 7.3926070671 0.6331396543 0.8687358428 2.1543061847 5.1977662592 5.13151355 8.597705570994 2.7476023462 5.7502096391
8.4182664586 1.8697619343 2.5473680769 3.7215685169 8.3806572733 4.5105622683 1.5083893029 5.2444838678 8.0802135992 0.0231287673 0.7122697516 8.0051492897 0.9450438261 6.3659444273 4.2327069532 0.2453398991 7.5235784523 7.5065039204 0.3267413242 7.1974995862
2.5818659804 5.5156874443 1.4614123253 8.9279108362 4.8788799513 3.9430068536 9.2973707065 1.1748300659 7.6138736499 6.9096558203 3.2540866395 9.8091348533 5.7914105448 4.0664847831 6.9524561815 8.6857292958 3.3708215335 7.4839825975 1.3864472146 0.3838144310
0.5235700825 0.9290034117 3.4401057037 0.4253624411 2.2745801781 6.3988561273 8.1556863583 8.6790707998 5.6150330049 3.1694771223 5.0437140141 0.9930846969 6.2439633464 4.1766411232 4.1183122285 7.7042931065 0.1946558164 3.5836288169 1.6736214782 5.3368307121
0.2128413714 8.8756929891 0.1852975122 4.4618748655 2.8949661891 6.3412539304 2.2077656901 6.8831020946 9.8524976178 0.1768919114 1.1612638088 3.2094269176 3.0584222471 7.0318277099 5.2471372968 8.3191061438 2.6110065805 9.8416031471 7.9853118383 0.3266901968
8.4272433173 7.1142080141 1.7317292156 6.7798334595 9.2268519062 5.0151316486 6.7004868321 3.6099397197 6.1470189612 0.9814186895 0.8893881522 7.8901287061 1.8624321439 6.5659276166 3.5079164823 3.1828430045 3.8503484344 0.1332875405 2.7890233389 5.7394806843
5.3168380449 5.3706707046 7.0651343363 6.8585344688 9.6666104895 1.8368920097 4.7438137508 1.7670395072 5.5329715613 2.2211857104 6.8851694361 0.8198459105 6.2543298898 4.3690936534 0.4334741164 2.7618785682 7.7727123207 8.3957464121 1.0454243664 2.0695319754
3.4502952788 2.7699388939 9.6961310833 4.7233039039 3.0590146605 9.3917077524 2.0478865909 9.7366244934 8.8780509674 3.6837895662 1.8670129956 8.0839999767 8.7767360344 0.5660653605 9.4096103498 2.1237053275 6.3524665969 9.3949248686 6.3364550293 8.4976270265
3.4629860617 6.1810214274 0.1469043999 1.5349291333 4.1721912692 2.4246986867 2.9002056589 5.1769035907 5.7673003826 8.3420796898 0.0589888127 5.5182322125 7.0736140563 5.9633808512 9.0301012702 9.4855765876 5.2785802387 6.8190700605 5.9564666286 7.2080413225
6.5010564015 9.8500272346 9.0436671939 2.5288835113 6.4489082161 1.5477270325 3.3270270787 5.6645819561 7.5840869452 7.4002282513 1.8207863391 7.3182050981 7.1939708342 7.3879893688 5.0549542652 4.9435341263 3.1967049296 3.7876325201 2.9302272163 8.3327934443
9.1244327287 5.8878483383 9.4210642311 3.3805463899 3.3479657261 9.5523136789 6.5067888201 4.8747862084 4.8937667846 2.1750599248 2.7480859889 5.5408493837 2.7175433734 2.1088732293 0.4713501582 5.7165184775 3.2554044289 9.1859759195 5.4951945771 2.8124040232
7.2069648343 8.7461529238 0.1802991761 2.5567565833 7.6701342268 1.7338836465 4.6064560568 1.0765340004 1.3097965308 3.0582020505 9.5505180566 0.0185443172 8.4985095271 8.5052438555 5.9576916682 4.2983877848 1.2873473566 5.9254431678 5.1254040766 8.6029389131
4.8405575451 1.2641463245 1.3923124979 9.6996053154 1.3109602769 1.6692572997 0.0848767419 0.1641099683 3.7686469431 8.5419762493 2.3623954251 5.5182118236 2.5479966062 3.4041714522 8.7383815678 1.3733048295 7.2691186276 9.6599226812 7.5582828722 5.9124528851
5.1386065906 0.2155734206 6.2249726682 3.1331005842 9.5513029501 1.3992471068 9.6664709753 9.2354750506 3.1535236254 0.6412344091 4.2507496752 9.6422867177 0.5402393102 9.2481311456 8.2426398036 6.7020621722 0.6524845477 7.9916352642 5.8829852159 5.1445463974
7.7577444019 5.9990213285 5.5183044353 2.5443174151 3.0485019351 9.9131766011 7.8944072267 8.2700490388 1.1774276381 7.6871463397 7.9039367713 6.0075637246 3.1526373694 2.1856139968 1.7355517933 4.8166612696 2.7138678223 6.4896961266 4.0478429604 8.9503101513
8.6685665488 9.0213581747 4.3683526858 8.1002115054 5.6899632278 7.6506777829 3.4760028414 2.2910047612 3.9875799688 4.9037688105 2.9717744987 4.7088507956 2.4659037084 8.2156459427 4.3396701396 0.7472968039 7.6721555522 7.3506552509 3.6152665003 4.6681395231
7.5643922353 4.0440519498 9.2574633121 5.9700638535 8.1225258345 6.4807315923 3.9118895679 5.5816705363 4.5699847055 2.0079612989 3.1340959264 3.4203737416 3.8097752412 2.7152423074 3.9407429962 5.3336588459 1.4463444513 5.4344631664 2.0144535961 6.0776161008
7.2927506764 9.7958303091 4.9301391893 2.9365623613 6.5996739079 0.1845161047 1.4193716221 0.0827659079 7.4642194239 0.4939771257 2.9323295856 0.6920615652 1.0600471951 9.3592211008 8.0147270115 4.8587344896 2.5116615717 7.6499911158 8.4576976115 4.0129811164
6.1833072929 2.7860632574 4.3706100297 9.6801701479 1.1144112862 5.3993404067 9.0507816858 8.2366108847 1.1355324564 9.6433930586 0.4895249747 2.8370252956 5.0662727516 8.7448595389 3.8514231736 6.9814256056 4.8410471451 0.8885765736 7.7788306715 8.0641006709
0.1136876708 6.9642724064 2.2033788099 0.1892055497 0.9288687522 6.7419543581 0.4437862621 6.0594838967 1.1057019437 5.3561308549 1.6230999157 0.5338394374 7.8785233875 8.6519053402 8.7823783692 0.7797009523 9.5818488514 8.9558335762 1.9403497348 4.1622373810
0.5860250558 1.2988617688 7.8544009519 0.8755687325 5.7630189031 1.5168722899 2.0271589689 2.1696299747 0.2597085681 9.7105491377 0.6182645043 4.0793500966 6.6223206018 2.9197384945 0.2695251353 4.9914191748 4.3952197908 2.8259587228 5.3437294925 4.8776389598