7.170 8.314 7.951 8.404 4.266 9.156 3.721 8.699 3.427 1.967 0.152 0.492 4.745 4.978 9.901 7.952 8.744 2.964 1.376 4.712
5.506 8.804 9.889 4.474 0.057 3.419 7.407 2.637 6.737 6.433 0.341 9.774 5.117 2.964 2.493 5.292 4.407 4.528 0.488 7.493
5.234 5.349 7.662 7.804 2.934 8.562 0.158 6.024 5.027 1.196 1.268 7.975 7.754 8.033 8.041 6.229 5.017 6.802 5.808 6.928
6.485 9.637 1.719 7.357 2.256 9.127 2.807 1.511 1.896 7.903 7.039 2.004 9.346 8.073 4.271 3.506 7.897 0.479 6.716 9.547
1.885 1.543 5.265 0.196 1.351 6.243 0.913 6.450 0.891 1.463 2.372 1.608 5.994 7.055 8.463 3.106 7.569 6.761 5.594 3.749
3.094 8.646 5.038 3.518 8.623 4.514 5.894 5.339 3.394 6.633 3.415 4.872 8.677 0.781 7.165 3.017 1.063 1.977 1.821 5.915
4.281 2.288 0.262 8.684 6.533 9.951 8.877 3.351 0.993 4.836 0.159 2.263 3.688 9.552 1.333 5.876 2.302 2.327 6.123 4.670
7.324 5.547 7.546 5.976 8.685 4.987 3.152 9.013 2.143 2.368 7.752 2.061 1.011 2.342 1.722 5.862 4.093 2.858 2.659 0.934
1.805 8.939 1.761 6.502 8.423 7.676 2.883 5.612 8.407 4.006 2.298 3.675 7.816 2.611 4.244 5.238 2.596 6.261 6.639 6.479
8.023 9.603 3.617 9.415 6.513 0.418 1.336 4.826 5.389 0.438 3.658 0.641 3.983 7.857 5.989 1.826 8.607 3.782 7.563 5.669
7.076 4.395 9.449 6.874 1.794 4.628 4.747 0.004 8.469 5.101 1.226 6.202 3.515 2.325 3.861 6.843 3.025 0.789 6.196 2.629
0.339 0.919 3.988 8.445 1.245 3.995 9.394 5.599 5.241 5.513 0.821 5.818 1.651 6.854 8.218 0.749 8.322 8.238 4.306 3.054
8.001 9.196 4.216 6.419 4.544 9.983 7.784 8.637 3.219 0.379 0.595 6.754 6.185 5.476 8.049 8.304 9.859 0.208 5.989 4.428
7.059 3.854 4.888 9.814 9.513 6.666 4.045 7.109 4.619 7.147 4.398 0.374 1.467 8.346 8.473 9.969 9.813 7.096 8.016 7.115
0.114 1.534 5.026 6.852 7.889 6.705 6.303 3.658 7.478 1.424 0.976 4.367 8.942 5.608 4.053 6.124 5.296 1.527 3.841 4.209
3.462 5.029 6.113 9.404 7.054 8.385 8.117 1.956 6.393 3.912 6.192 9.262 6.061 0.917 5.541 0.235 8.615 8.066 8.881 5.747
8.453 3.717 1.603 0.931 4.773 1.323 7.482 0.337 2.425 0.396 2.072 4.739 0.682 8.348 5.472 7.184 6.981 1.706 4.022 5.499
0.715 9.565 4.685 0.145 7.547 6.149 8.364 6.718 7.984 9.992 2.575 5.817 5.592 1.205 8.419 7.572 8.466 6.682 9.174 2.404
4.117 2.242 3.003 0.387 8.251 8.833 0.788 0.955 4.503 3.437 3.969 7.533 7.626 5.118 9.438 6.701 3.031 6.181 4.565 3.015
1.435 9.493 8.748 4.706 8.633 4.799 8.893 9.414 7.827 8.477 9.193 0.531 3.999 6.723 3.856 4.071 3.588 4.502 4.531 1.889